  287.5     1.4                   RGAS,  GAMMA
  37     37
  1.2    5.
  1.2    5.
  0
  2     2
  1.000  Scaling factor
C
  ROW 1
C
 40  80  20
 0.0     0.1
 0.1     0.2
 0.3     0.4
 0.4     0.5
 0.6     0.5 
 0.7     0.4
 0.9     0.2
 1.001   0.10
 19  No of BLADES
   2500.0   90000.     90000.    125000.    130000.  
   00    00   1   140   1   140   0.000     2500.0
C
 ROW 1 HUB SECTION STREAMLINE NO 1
C
  1
  5   200   1
0.0   -45.0
0.25  -33.0
0.5   -20.0
0.75  -10.0
1.00  -30.0
 0.01  0.02   0.06  0.300   0.02     0.04      2.0
  1      1.0    1.0
 0.0    0.0    0.0
 0.15   0.10  0.0  0.0
C
12
 -0.7  -0.5  -0.4 -0.3   -0.2   -0.10    -0.01   0.00    0.00   0.0    0.0   0.0
  0.4   0.4   0.4  0.41  0.45    0.52     0.70   0.80    1.00   1.15  1.50  1.75
 -0.4   0.0   0.4   1.0
1.0     0.    0.    0.   0.0  fstack ftang  fsweep  flean  faxial
1.0    0.0              fscale  fconst
C
 ROW 1 TIP SECTION STREAMLINE NO 2
C
  1
  7   200   1
0.0   -57.0
0.1   -54.0
0.2   -51.0
0.3   -48.0
0.5   -43.0
0.75  -37.0
1.00  -30.0
 0.01  0.01   0.03   0.300   0.02     0.04      2.0
  1      1.0    1.0
 0.0   0.0    0.0
 0.25   0.10  0.0  0.0
C
12
  -0.9   -0.7   -0.5   -0.4    -0.3   -0.2  -0.15  -0.125  -0.101
  -0.1   -0.1   -0.1
   0.7    0.7    0.7    0.705   0.72  0.785  .85    0.89   1.0 
  1.15   1.50    1.75
 -0.40  -0.101   0.705    1.0
 2.0     0.    0.    0.   0.0  fstack ftang  fsweep  flean  faxial
1.0    0.0              fscale  fconst
C
  ROW 2 
C
 25  80  40
 0.0     0.05
 0.1     0.1
 0.25    0.2
 0.4     0.5
 0.6     0.7 
 0.7     0.7
 0.9     0.5
 1.001   0.3
31   No BLADES
   0.0   130000.     130000.    140000.    140000.  
   00      00     140     140       140    140      0.000    0.0
C
ROW 2 HUB SECTION STREAMLINE NO 1
C
  1
  5   200   1
0.0   50.0
0.25  49.0
0.5   48.0
0.75  42.0
1.00  35.0
 0.02  0.02   0.04  0.600   0.02     0.01      2.0
  1      1.0    1.0
 0.0   0.0    0.0
 0.1   0.4  0.0  0.0
C
12
 -0.7  -0.5  -0.4 -0.3   -0.2   -0.10    0.01   0.00    0.00   0.0    0.0   0.0
  0.4   0.4   0.4  0.41  0.45    0.52    0.70   0.80    1.00   1.15  1.50  1.75
 0.00   0.00  1.15    1.50
1.0     0.    0.    0.   0.0  fstack ftang  fsweep  flean  faxial
1.0    0.0             fscale  fconst
C
 ROW 2 TIP SECTION STREAMLINE NO 2
C
  1
  5   200   1
0.0   50.0
0.25  49.0
0.5   48.0
0.75  42.0
1.00  35.0
 0.02  0.02   0.04  0.600   0.02     0.01      2.0
  1      1.0    1.0
 0.0   0.0    0.0
 0.1   0.4    00.0   0.0
C
11
-0.9   -0.7   -0.5   -0.4   -0.3   -0.2    -0.11  -0.1   -0.1  -0.1  -0.1
 0.7    0.7   0.7    0.705   0.72  0.785    0.93   1.0   1.15  1.50   1.75
 -0.1   -0.1   1.15   1.50
1.0     0.    0.    0.   0.0  fstack ftang  fsweep  flean  faxial
1.0    0.0             fscale  fconst
C
 90000.    90000.     140000.      140000.
C
 3
 0.0      0.5       1.0
 100000.  100000.   100000.
 300.     300.0     300.0
  0.0     0.0       0.0
  100.    120.      150.
 00.0     00.0      00.0
 00.0     0.0       00.0

